species	Log_M	Log_W	Log_FA	Log_Warea	Log_Vmp	Log_min_power	Log_min_power_chem	Log_avail_pow	Log_min_CoT	Log_inv_CoT	Log_Vbg	Log_min_Vz	Log_min_turn_r	LAD	FAD	In_A_Clade	No_Birds
Alanqa_saharica	1.787349876	0.77815125	-0.59043137	0.516185959	1.253103617	2.919275319	3.604611363	3.499245868	0.471374731	-0.471374731	1.266051968	-0.007974094	1.218031564	96.95	96.95	1	0
Angustinaripterus_longicephalus	0.220649013	0.204119983	-1.391897964	-0.588495394	1.032939155	1.169517866	1.879771976	2.122115812	0.517800779	-0.517800777	1.046764447	-0.204470441	0.750411458	165	169	0	1
Anhanguera_araripensis	1.274777418	0.672097858	-1.160590686	0.123067037	1.148123817	2.136407872	2.830908696	3.048694675	0.318067703	-0.3180677	1.158142859	-0.21747336	1.067874396	106.5	106.5	0	0
Anhanguera_blittersdorffi	1.133874559	0.618048097	-1.259212642	0.023093122	1.129690744	1.983932933	2.680788418	2.924841069	0.326443426	-0.326443427	1.139834207	-0.231704651	1.024980674	106.5	106.5	0	0
Anhanguera_piscator	1.078456818	0.603144373	-1.293281206	-0.015922966	1.119187902	1.909694532	2.607934413	2.876128894	0.319915571	-0.319915434	1.128722284	-0.247695509	1.008330996	106.5	106.5	0	0
Anhanguera_santanae	1.130511893	0.618048097	-1.286509457	0.020132306	1.128749619	1.977033233	2.674054622	2.921885281	0.324173268	-0.324173263	1.138868708	-0.23433411	1.024439287	106.5	106.5	0	0
Anurognathus_ammoni	-1.397940009	-0.455931956	-3.338993476	-1.795880017	0.855516793	-0.516899614	0.28743175	0.699376054	0.69231531	-0.69231531	0.872156273	-0.314376925	0.388723233	148.5	148.5	0	0
Arambourgiania_philadelphiae	2.661030105	1.096910013	0.21940897	1.235654126	1.350697315	3.964881738	4.646229023	4.267210791	0.551487438	-0.551487437	1.365022592	0.136464132	1.385781583	69.05	69.05	1	0
Ardeadactylus_longicollum	0.295640728	0.204119983	-1.771534807	-0.533670381	1.056728764	1.320779208	2.024260778	2.18803353	0.560150116	-0.560150118	1.071315074	-0.147999894	0.791200836	148.5	154.5	0	1
Austriadactylus_cristatus	0.030641679	0.079181246	-1.695095906	-0.724035551	1.034289902	1.092790182	1.799605451	1.955099369	0.616651317	-0.616651319	1.04939892	-0.134532206	0.7423563	207.3	218.5	0	1
Azhdarcho_lancicollis	1.714136415	0.740362689	-0.515459751	0.523976587	1.233443515	2.901964266	3.586585043	3.434891238	0.533086719	-0.533086717	1.247791436	0.01996467	1.148766034	91.85	91.85	1	0
Bakonydraco_galaczi	1.21600924	0.574031268	-0.974481246	0.121031007	1.168282022	2.27500973	2.965538823	2.997037447	0.479734653	-0.479734651	1.181386436	-0.085635756	1.041014243	84.95	84.95	1	0
Batrachognathus_volans	-0.69540255	-0.180456064	-2.758695976	-1.281165073	0.940368818	0.235309238	0.98178191	1.316906489	0.614610656	-0.614610655	0.955064246	-0.25124967	0.556977478	154.5	160.5	0	1
Boreopterus_cuiae	0.101564322	0.161368002	-1.987422638	-0.760062239	1.037664519	0.975898778	1.695927232	2.017440371	0.453081779	-0.453081777	1.050166816	-0.249941607	0.782356574	119.5	128.5	0	0
Cacibupteryx_caribensis	0.279167241	0.245512668	-1.223655102	-0.550253061	1.031941347	1.184587275	1.896111507	2.173553337	0.480092034	-0.480092035	1.045158015	-0.231943909	0.754813613	160.5	160.5	0	1
Campylognathoides_liasicus	-0.081818154	0.033423755	-1.818079388	-0.846885067	1.031651103	0.947884819	1.660988698	1.856247175	0.594509391	-0.594509392	1.046293472	-0.155842626	0.739817484	178.5	178.5	0	1
Campylognathoides_zitteli	0.516521484	0.26245109	-1.366612774	-0.410050722	1.107098672	1.600640114	2.298287886	2.382187715	0.563030977	-0.563030977	1.121550785	-0.093140044	0.893698901	178.5	178.5	0	1
Chaoyangopterus_zhangi	0.462901711	0.267171728	-1.54126165	-0.434413813	1.084019234	1.490250917	2.190981045	2.33505593	0.534930914	-0.534930914	1.09816818	-0.13658866	0.850562494	118	118	1	0
Cycnorhamphus_suevicus	0.109542375	0.133538908	-1.918434259	-0.687585369	1.037448874	1.103495106	1.813376888	2.024453074	0.554439348	-0.554439346	1.051820734	-0.174835363	0.754437731	148.5	154.5	0	1
Darwinopterus_modularis	-0.318435058	-0.031517051	-2.223134615	-1.00068243	0.984262396	0.639827554	1.366480083	1.648260912	0.583754555	-0.583754549	0.998736567	-0.217675641	0.647052013	160.5	160.5	0	1
Dimorphodon_macronyx	0.093421685	0.004321374	-1.688246139	-0.815308569	1.125928018	1.307336625	2.005068491	2.010282992	0.663459594	-0.663459619	1.141449773	-0.007392099	0.921628167	195	200	0	1
Dorygnathus_banthensis	0.304735424	0.225309282	-1.390125931	-0.537028678	1.051521033	1.280483324	1.986730095	2.19602776	0.522160501	-0.522160499	1.065496097	-0.180547632	0.785577022	178.5	178.5	0	1
Dsungaripterus_weii	0.954724791	0.399673721	-1.143875556	-0.20481541	1.206280103	2.067794449	2.758360503	2.767368433	0.49365668	-0.493656674	1.220108088	-0.035932898	1.095055618	122.5	122.5	1	0
Elanodactylus_prolatus	0.805996566	0.397940009	-1.397766071	-0.133960703	1.115069249	1.902628173	2.595675929	2.63663631	0.56344925	-0.563449249	1.129635824	-0.08214362	0.909465612	119.5	128.5	0	0
Eoazhdarcho_liaoxiensis	0.293051596	0.204119983	-1.663393418	-0.54929537	1.059340444	1.306562418	2.011184243	2.185757681	0.5479605	-0.547960499	1.073608382	-0.154560494	0.799641982	118	118	1	0
Eopteranodon_lii	-0.159612583	0.041392685	-2.031251325	-0.882125752	0.997579596	0.783436481	1.504566496	1.787865868	0.553721762	-0.553721763	1.011941553	-0.221016391	0.674515576	119.5	128.5	1	0
Eudimorphodon_ranzii	-0.397940009	-0.070581074	-1.950781977	-1.102372909	0.989464546	0.539807633	1.269762242	1.578376033	0.563551445	-0.563551417	1.004321374	-0.227021406	0.660480606	207.3	218.5	0	1
Eurazhdarcho_langendorfensis	1.045865451	0.477121255	-1.002749149	0.05723904	1.147613136	2.207625721	2.896671455	2.84748106	0.589761429	-0.589761428	1.16247101	-0.029856836	0.970813974	69.05	69.05	1	0
Europejara_olcadesorum	0.516360474	0.301029996	-1.525450651	-0.392880072	1.08343605	1.517047962	2.217761171	2.382046185	0.51126998	-0.511269979	1.097327916	-0.15296336	0.851434822	128.5	128.5	1	0
Feilongus_youngi	0.751776682	0.380211242	-1.431653538	-0.207092299	1.115106589	1.812738032	2.508053813	2.58897703	0.532788403	-0.532788404	1.129143117	-0.104441788	0.915715795	119.5	128.5	0	0
Germanodactylus_cristatus	-0.283484861	-0.017728767	-2.221030923	-0.986625086	0.991329017	0.66864881	1.395054807	1.678982133	0.571594408	-0.571594404	1.005626458	-0.218716543	0.662202777	148.5	148.5	0	0
Germanodactylus_rhamphastinus	-0.095437159	0.053078443	-2.085145667	-0.850915286	1.016021814	0.875605559	1.593593084	1.844276063	0.559532507	-0.55953251	1.030242681	-0.197551465	0.712716225	148.5	148.5	0	0
Gnathosaurus_subulatus	0.362436246	0.230448921	-1.73167	-0.481815074	1.063998223	1.394586887	2.096595196	2.246746789	0.558628231	-0.558628234	1.078484753	-0.141129065	0.806491829	148.5	148.5	0	0
Guidraco_venator	0.575792892	0.369215857	-1.647896254	-0.392961079	1.079079581	1.447340959	2.154226389	2.434287281	0.401578769	-0.401578771	1.090742594	-0.236379835	0.88302554	118	118	0	0
Harpactognathus_gentryii	0.726960632	0.397940009	-1.014233982	-0.216335195	1.096144906	1.72569828	2.423719099	2.567163723	0.49543849	-0.495438491	1.10963013	-0.149961752	0.885250406	154.5	154.5	0	1
Hatzegopteryx_thambena	2.469581557	1.021189299	0.070489167	1.087758993	1.329807174	3.7562836	4.438029203	4.098927511	0.548877262	-0.54887726	1.344142147	0.117722902	1.343270029	69.05	69.05	1	0
Hongshanopterus_lacustris	0.324777847	0.267171728	-1.88081637	-0.638141492	1.065889229	1.146833464	1.863421225	2.213645057	0.376032292	-0.37603229	1.076800412	-0.272955487	0.872580118	118	118	0	0
Huanhepterus_quingyangensis	0.764922985	0.383815366	-1.424976506	-0.133712661	1.101532622	1.874341476	2.566932789	2.600532609	0.587254997	-0.587254944	1.117271296	-0.078866028	0.877327914	106.5	136.5	0	0
Huaxiapterus_benxiensis	0.100493569	0.176091259	-1.757889058	-0.636447244	0.998863761	1.021484166	1.736110546	2.01649918	0.527265176	-0.527265175	1.012937116	-0.233999285	0.678371599	118	118	1	0
Huaxiapterus_corallatus	0.012837225	0.155336037	-1.800046959	-0.679853714	0.976264809	0.908951983	1.627904396	1.939449261	0.528786392	-0.528786352	0.991226076	-0.257796099	0.63415773	118	118	1	0
Istiodactylus_latidens	1.339173692	0.633468456	-1.050173502	0.149028785	1.193146215	2.337341338	3.027838242	3.105299004	0.400081636	-0.400081635	1.205036148	-0.1138999	1.115697169	119.5	128.5	0	0
Jeholopterus_ningchengensis	-0.345314558	-0.045757491	-2.559090918	-1.021884164	0.983243301	0.617677449	1.343744293	1.624633833	0.588726041	-0.588726041	0.997938762	-0.214547406	0.643421367	154.5	165	0	1
Jidapterus_edentus	0.294654913	0.204119983	-1.668198686	-0.553274211	1.061136813	1.306127739	2.010894735	2.187167	0.544587903	-0.544587902	1.075355348	-0.155151265	0.803585514	118	118	1	0
Kepodactylus_insperatus	0.545255391	0.301029996	-1.581690106	-0.357489494	1.089035865	1.585620818	2.283998362	2.407444824	0.540437212	-0.540437213	1.103412772	-0.126243475	0.85789581	148.5	154.5	0	1
Liaoningopterus_gui	1.387403432	0.698970004	-1.063876702	0.196634332	1.172608927	2.290587836	2.982627001	3.147692946	0.331895521	-0.331895521	1.183014217	-0.181846	1.108703241	118	118	0	0
Lonchodectes_compressirostris	0.420992832	0.301029996	-1.781841446	-0.562425548	1.078138596	1.264043974	1.977108525	2.298218027	0.380966698	-0.380966697	1.089093861	-0.255007511	0.898727604	91.85	106.5	0	0
Ludodactylus_sibbicki	1.183334693	0.602059991	-1.190749266	0.049168583	1.155895997	2.111021883	2.805039368	2.968316526	0.372173333	-0.372173329	1.167123103	-0.172303064	1.052834532	119.5	119.5	0	0
Moganopterus_zhuiana	1.966960914	0.84509804	-0.508241268	0.678832201	1.268774186	3.139853747	3.823842957	3.657123974	0.493115542	-0.493115542	1.282226561	0.023645422	1.237916513	119.5	128.5	0	0
Montanazhdarcho_minor	0.808914572	0.397940009	-1.217806488	-0.150680075	1.12070809	1.8960894	2.589877644	2.639201236	0.550358786	-0.550358784	1.13494334	-0.08624378	0.92455018	77.85	77.85	1	0
Muzquizopteryx_coahuilensis	0.391732968	0.301029996	-1.890134519	-0.707022417	1.099657883	1.133832257	1.854544985	2.272498609	0.273348654	-0.273348655	1.107771224	-0.311141394	1.012128022	88.05	88.05	0	0
Nesodactylus_hesperius	-0.022491157	0.130333768	-1.446862224	-0.770352171	0.993726375	0.854191882	1.577447559	1.9083956	0.498388084	-0.498388086	1.007156834	-0.264189612	0.67458565	160.5	160.5	0	1
Noripterus_complicidens	0.308882946	0.184691431	-1.692611917	-0.621821482	1.09510192	1.325565597	2.029809396	2.199673434	0.517991694	-0.517991695	1.108970017	-0.138874874	0.87661421	122.5	122.5	1	0
Noripterus_parvus	1.316637431	0.582063363	-0.94524682	0.133754392	1.211399234	2.411299169	3.099508893	3.085489634	0.470055516	-0.470055518	1.224824431	-0.046013893	1.116004291	136.5	142	1	0
Nyctosaurus_gracilis	0.424881637	0.309630167	-1.866322219	-0.739928612	1.120158521	1.147402988	1.868001924	2.301636282	0.235613782	-0.235613723	1.127104798	-0.315153562	1.083183949	77.85	84.95	0	0
Ornithocheirus_simus	1.182324846	0.602059991	-1.188270649	0.042360092	1.157093195	2.106298666	2.800621485	2.967428863	0.367872749	-0.367872751	1.168148891	-0.174186409	1.06101404	106.5	106.5	0	0
Phosphatodraco_mauritanicus	1.612287759	0.698970004	-0.596608352	0.457607994	1.219807676	2.803618958	3.488766144	3.345366269	0.549265733	-0.549265729	1.23423176	0.01639689	1.121590388	69.05	69.05	1	0
Preondactylus_buffarinii	-1.096910013	-0.346787486	-2.554395797	-1.522878745	0.883209193	-0.131364083	0.631412515	0.963981423	0.710139799	-0.71013981	0.897627091	-0.253374518	0.440337672	207.3	218.5	0	1
Pteranodon_longiceps	1.564429327	0.77524626	-1.084072788	0.298853076	1.197429158	2.449568951	3.14010247	3.303298677	0.290656877	-0.290656928	1.206825876	-0.183915472	1.188141262	77.85	84.95	0	0
Pteranodon_sternbergi	1.479644608	0.736396502	-1.11691309	0.214710613	1.195497193	2.358313767	3.049994756	3.228772938	0.287267745	-0.287267743	1.204721617	-0.188683556	1.185913614	84.95	88.05	0	0
Pterodaustro_guinazui	-0.060480747	0.075546961	-1.935542011	-0.89279003	1.032734369	0.841607961	1.562471067	1.875002774	0.484226501	-0.484226532	1.045322979	-0.233144161	0.746794422	106.5	106.5	0	0
Pterorhynchus_wellnhoferi	-0.41690382	-0.070581074	-2.302968124	-1.079504542	0.974265554	0.530282203	1.261744782	1.561706868	0.586727562	-0.586727561	0.988750189	-0.228157181	0.62671547	154.5	165	0	1
Quetzalcoatlus_spp	2.413400361	0.984077034	0.041392685	1.055493007	1.328339231	3.738199102	4.41977737	4.049544396	0.575939932	-0.575939891	1.343408594	0.141096864	1.334057075	69.05	69.05	1	0
Raeticodactylus_filisurensis	0.159214027	0.130333768	-1.571174762	-0.671495181	1.059864721	1.19758096	1.903285218	2.06811446	0.571032882	-0.571032883	1.07448348	-0.138929888	0.796881785	205	218.5	0	1
Rhamphorhynchus_muensteri	-0.585026652	-0.050609993	-1.649751982	-1.167491087	0.902215252	0.165837625	0.932565941	1.413926942	0.502653222	-0.50265327	0.916453949	-0.376955186	0.489056347	148.5	154.5	0	1
Sericipterus_wucaiwanensis	0.07466511	0.146128036	-1.505403181	-0.701696844	1.017243542	1.011049244	1.726649073	1.993795963	0.524996623	-0.524996624	1.031045689	-0.218394176	0.719669061	160.5	160.5	0	1
Shenzhoupterus_chaoyangensis	0.492019799	0.278753601	-1.520666999	-0.409515368	1.086562742	1.523358154	2.22336987	2.360650734	0.53570117	-0.535701169	1.100730204	-0.133042871	0.855238425	118	118	1	0
Sinopterus_dongi	-0.040958608	0.056904851	-2.005925316	-0.835647144	1.037530875	0.956394118	1.668906944	1.892162693	0.55988473	-0.559884702	1.053078443	-0.171894731	0.752643523	118	118	1	0
Sordes_pilosus	-0.853871964	-0.251811973	-2.468521083	-1.356547324	0.915657644	0.119385234	0.866448973	1.17761181	0.675648584	-0.675648598	0.931966115	-0.235342822	0.504707044	154.5	160.5	0	1
Thalassodromeus_sethi	1.834645358	0.792391689	-0.546398859	0.550220652	1.261122472	2.978532078	3.663401445	3.540818601	0.474684735	-0.474684736	1.274219337	0.002708656	1.229752447	106.5	106.5	1	0
Tropeognathus_mesembrinus	0.810137299	0.477121255	-1.482200133	-0.219937051	1.099043076	1.664217369	2.367062919	2.640276012	0.363529672	-0.363529668	1.109902932	-0.240242776	0.9426793	106.5	106.5	0	0
Tupandactylus_imperator	0.976997336	0.477121255	-1.179634167	-0.056904466	1.14171495	2.021258776	2.714028697	2.786945984	0.491215019	-0.491215019	1.155345192	-0.104030401	0.974685364	119.5	119.5	1	0
Tupuxuara_leonardii	0.909128687	0.439332694	-1.244723024	-0.125371909	1.143791773	1.964010746	2.657678975	2.727289445	0.500006747	-0.500006747	1.157331579	-0.097205092	0.982683227	106.5	106.5	1	0
Tupuxuara_longicristatus	1.364781199	0.613841822	-0.899629455	0.207326639	1.201188824	2.461728822	3.15005097	3.127808004	0.483325195	-0.483325196	1.214526219	-0.049217281	1.103659913	106.5	106.5	1	0
Volgadraco_bogolubovi	-0.773735225	-0.13667714	-2.782432853	-1.478306734	0.928598437	-0.116404138	0.688635757	1.248052068	0.423237029	-0.423237027	0.938887678	-0.429084836	0.597266759	77.85	84.95	0	0
Zhejiangopterus_linhaiensis	0.968015714	0.462397998	-1.039538456	0.011570444	1.127466991	2.091374634	2.781568408	2.779051117	0.574456668	-0.57445665	1.1430148	-0.06011754	0.931173198	77.85	77.85	1	0
